TreeLowOffset,6,128,29696,1892,32,796,56,840,72,32,16,8,32,8,0,0,0
TreeLowRoot,6,128,29696,1892,32,796,56,840,72,32,16,8,32,8,0,0,0
Full,6,128,4898947364,0,0,0,0,0,0,0,0,0,0,0,0,0,0
List,6,128,29696,2024,32,928,56,840,72,32,16,8,32,8,0,0,0
TreeLowRoot,6,128,29696,1892,32,796,56,840,72,32,16,8,32,8,0,0,0
TreeLowOffset,6,128,29696,1892,32,796,56,840,72,32,16,8,32,8,0,0,0
Full,6,128,4898947364,0,0,0,0,0,0,0,0,0,0,0,0,0,0
List,6,128,29696,2024,32,928,56,840,72,32,16,8,32,8,0,0,0
TreeLowRoot,6,128,29696,1892,32,796,56,840,72,32,16,8,32,8,0,0,0
TreeLowOffset,6,128,29696,1892,32,796,56,840,72,32,16,8,32,8,0,0,0
Full,6,128,4898947364,0,0,0,0,0,0,0,0,0,0,0,0,0,0
List,6,128,29696,2024,32,928,56,840,72,32,16,8,32,8,0,0,0
TreeLowRoot,6,128,29696,1892,32,796,56,840,72,32,16,8,32,8,0,0,0
TreeLowOffset,6,128,29696,1892,32,796,56,840,72,32,16,8,32,8,0,0,0
Full,6,128,4898947364,0,0,0,0,0,0,0,0,0,0,0,0,0,0
List,6,128,29696,2024,32,928,56,840,72,32,16,8,32,8,0,0,0
TreeLowRoot,6,128,29696,1892,32,796,56,840,72,32,16,8,32,8,0,0,0
Full,6,128,4898947364,0,0,0,0,0,0,0,0,0,0,0,0,0,0
TreeLowOffset,6,128,29696,1892,32,796,56,840,72,32,16,8,32,8,0,0,0
List,6,128,29696,2024,32,928,56,840,72,32,16,8,32,8,0,0,0
